# 3dvolreg matrices (DICOM-to-DICOM, row-by-row):
            1    1.3852e-12   6.55243e-11   1.16089e-09   -1.3852e-12             1   3.04578e-11  -1.28863e-09  -6.55243e-11  -3.04578e-11             1   8.71489e-10
     0.999997   -0.00120168    -0.0020883    -0.0215386     0.0012047      0.999998    0.00144762   -0.00460417    0.00208656   -0.00145013      0.999997      0.129014
     0.999997   -0.00120419   -0.00229574     0.0035405    0.00120746      0.999998    0.00142509    -0.0109603    0.00229402   -0.00142786      0.999996     0.0925584
     0.999998  -0.000986153    -0.0017068     0.0131545   0.000987833      0.999999     0.0009834     0.0385617    0.00170583  -0.000985084      0.999998    -0.0997232
            1  -0.000296752  -0.000604666    -0.0166872   0.000297178             1   0.000704474   -0.00433236   0.000604456  -0.000704653             1     -0.141502
            1  -0.000208795   2.34517e-05    -0.0325752   0.000208794             1   6.37264e-05     0.0136644   -2.3465e-05  -6.37215e-05             1     -0.113686
            1  -0.000471038   0.000509687    -0.0346587   0.000471106             1  -0.000132946   -0.00262587  -0.000509624   0.000133187             1     -0.130133
            1  -0.000215723   0.000697517    0.00188169   0.000215073             1   0.000931701     0.0329946  -0.000697718  -0.000931551      0.999999     -0.356646
     0.999999   0.000574512    0.00122022     0.0280284  -0.000576298      0.999999    0.00146392    -0.0215726   -0.00121938   -0.00146462      0.999998     -0.412856
     0.999998    0.00135558    0.00108116      0.033729   -0.00135676      0.999998    0.00109216    -0.0823872   -0.00107968   -0.00109363      0.999999     -0.377658
     0.999998   0.000983875    0.00182209     0.0154285  -0.000984651      0.999999   0.000425324     -0.112014   -0.00182167  -0.000427118      0.999998     -0.356763
     0.999994    0.00214189    0.00253783  -0.000490771   -0.00214106      0.999998  -0.000332624    -0.0411402   -0.00253853   0.000327189      0.999997     -0.296754
     0.999995    0.00214152    0.00251393      0.007936   -0.00214138      0.999998  -5.91416e-05    -0.0230211   -0.00251405    5.3758e-05      0.999997     -0.253469
     0.999995    0.00253809    0.00177264     0.0450097   -0.00253989      0.999996    0.00101287    -0.0206816   -0.00177006   -0.00101737      0.999998      -0.26742
     0.999997     0.0023684   0.000692048     0.0929406   -0.00236815      0.999997   -0.00035717     0.0401111  -0.000692892    0.00035553             1     -0.404487
     0.999999    0.00146309   0.000813366     0.0860253   -0.00146249      0.999999  -0.000735733    -0.0426902  -0.000814442   0.000734542      0.999999     -0.378178
     0.999998     0.0012232    0.00126979     0.0689071   -0.00122237      0.999999  -0.000654424     -0.030988   -0.00127059   0.000652871      0.999999      -0.27741
     0.999999    0.00148044   0.000377889      0.109553   -0.00148036      0.999999  -0.000222781     -0.028777  -0.000378218   0.000222221             1     -0.242364
     0.999997    0.00249163   0.000858928      0.113469   -0.00249246      0.999996   0.000967704    -0.0412579  -0.000856514  -0.000969842      0.999999     -0.324405
     0.999996    0.00229944    0.00152126       0.08586   -0.00230074      0.999997    0.00085711    -0.0573479   -0.00151928  -0.000860606      0.999998     -0.251773
     0.999996    0.00255809    0.00121706     0.0956345   -0.00255963      0.999996    0.00126532     -0.078214   -0.00121382   -0.00126843      0.999998     -0.264666
     0.999995    0.00270088    0.00173796      0.077969   -0.00270598      0.999992    0.00293791     -0.103293   -0.00173001   -0.00294259      0.999994     -0.302578
     0.999995    0.00263472    0.00156342     0.0786459   -0.00263892      0.999993    0.00269331     -0.159979   -0.00155631   -0.00269742      0.999995     -0.259997
     0.999995    0.00227956    0.00206033     0.0636398   -0.00228312      0.999996     0.0017258     -0.133649   -0.00205639   -0.00173049      0.999996     -0.252238
     0.999997    0.00176398    0.00145094     0.0789218   -0.00176618      0.999997    0.00151195    -0.0964556   -0.00144827   -0.00151451      0.999998     -0.268205
     0.999997    0.00228323   0.000704588      0.108714   -0.00228434      0.999996    0.00158202    -0.0923963  -0.000700973   -0.00158362      0.999999     -0.282945
     0.999995     0.0023866    0.00182185     0.0810691   -0.00238807      0.999997   0.000805261    -0.0320799   -0.00181992  -0.000809608      0.999998     -0.249346
     0.999993    0.00287598    0.00221275     0.0788778    -0.0028781      0.999995   0.000957735    -0.0632505   -0.00220999  -0.000964097      0.999997     -0.246285
     0.999992    0.00291416    0.00257556     0.0679812   -0.00291494      0.999996   0.000298255    -0.0326514   -0.00257468   -0.00030576      0.999997     -0.241173
     0.999992    0.00264212    0.00312381     0.0521544   -0.00264242      0.999997   9.34756e-05    -0.0568538   -0.00312355  -0.000101729      0.999995     -0.182321
     0.999992    0.00211677    0.00326625     0.0434966   -0.00211703      0.999998   7.55537e-05    -0.0265235   -0.00326609  -8.24679e-05      0.999995     -0.186346
      0.99999    0.00314761    0.00332095      0.048432   -0.00314945      0.999995    0.00054933    -0.0630599    -0.0033192  -0.000559783      0.999994     -0.206139
      0.99999    0.00278451     0.0034989     0.0400261   -0.00278785      0.999996   0.000950946     -0.108125   -0.00349623  -0.000960691      0.999993     -0.191455
     0.999991    0.00236522    0.00365847     0.0287997    -0.0023678      0.999997    0.00070237    -0.0584617    -0.0036568  -0.000711026      0.999993     -0.230317
     0.999987    0.00298248    0.00408864     0.0279532   -0.00298737      0.999995    0.00119002     -0.066681   -0.00408507   -0.00120222      0.999991     -0.239686
     0.999986    0.00295585    0.00433349     0.0161088   -0.00296405      0.999994      0.001887    -0.0788028   -0.00432789   -0.00189982      0.999989     -0.265482
     0.999989    0.00191623    0.00421465    0.00695021   -0.00192198      0.999997    0.00135946    -0.0558879   -0.00421203   -0.00136755       0.99999     -0.239795
      0.99999    0.00146215    0.00425656    0.00602307   -0.00146584      0.999999   0.000862742    -0.0559205   -0.00425529  -0.000868973      0.999991     -0.236753
     0.999989   0.000966711    0.00451712     -0.011768  -0.000968116      0.999999   0.000308806   -0.00498776   -0.00451682  -0.000313176       0.99999     -0.220654
     0.999989   0.000676737    0.00459944    -0.0209527  -0.000677877             1   0.000246221   -0.00383803   -0.00459927  -0.000249336      0.999989     -0.198723
     0.999989   0.000263114    0.00468399    -0.0287102  -0.000262195             1  -0.000196696   -0.00170173   -0.00468404   0.000195466      0.999989     -0.183924
     0.999989   0.000159246    0.00477482    -0.0297101  -0.000156819             1  -0.000508722     0.0425182    -0.0047749   0.000507968      0.999988     -0.194694
     0.999988   0.000458969    0.00484712    -0.0313787  -0.000457002             1  -0.000406783     0.0191568    -0.0048473   0.000404563      0.999988     -0.172375
     0.999988   0.000850051    0.00480065    -0.0250558  -0.000848869             1  -0.000248105   -0.00601112   -0.00480086   0.000244027      0.999988      -0.17003
      0.99999   0.000379794    0.00443655    -0.0236686  -0.000374801      0.999999   -0.00112634     0.0459781   -0.00443698    0.00112466       0.99999     -0.151775
     0.999991   0.000192919    0.00426838    -0.0238336  -0.000186559      0.999999   -0.00149046     0.0320146   -0.00426867    0.00148965       0.99999     -0.144782
     0.999989   0.000664322    0.00468604    -0.0261649  -0.000658618      0.999999   -0.00121858     0.0931839   -0.00468685    0.00121548      0.999988     -0.206108
      0.99999   0.000857852    0.00435048    -0.0220099  -0.000851808      0.999999   -0.00139072     0.0631973   -0.00435167      0.001387       0.99999     -0.214799
     0.999991   0.000491654    0.00430453    -0.0228593  -0.000483274      0.999998   -0.00194764     0.0787623   -0.00430548    0.00194554      0.999989     -0.191171
     0.999991   0.000298623    0.00428844    -0.0144155   -0.00029152      0.999999    -0.0016569     0.0776843   -0.00428892    0.00165564      0.999989     -0.187902
     0.999994   0.000694188    0.00341809     0.0203225   -0.00068832      0.999998   -0.00171755     0.0726548   -0.00341928    0.00171519      0.999993     -0.194125
     0.999995    2.9779e-05    0.00315501     0.0162933  -2.14616e-05      0.999997   -0.00263627     0.0998974   -0.00315508    0.00263618      0.999992     -0.189212
     0.999995   -0.00049419    0.00306489     0.0123655   0.000502859      0.999996   -0.00282843      0.114564   -0.00306348    0.00282996      0.999991     -0.200457
     0.999995  -0.000856487    0.00314651    0.00434763   0.000865679      0.999995   -0.00292119      0.128535   -0.00314399     0.0029239      0.999991     -0.202668
     0.999995   -0.00136562    0.00298268   0.000935579    0.00137473      0.999994   -0.00305472      0.103135   -0.00297849    0.00305881      0.999991      -0.19919
     0.999995   -0.00171431    0.00252217     0.0176657    0.00172404      0.999991   -0.00385955       0.16949   -0.00251553    0.00386388      0.999989     -0.214799
     0.999995   -0.00120236    0.00279632     0.0133666     0.0012135      0.999991   -0.00398515      0.159358    -0.0027915    0.00398853      0.999988     -0.196089
     0.999996    -0.0012098    0.00267351     0.0173321    0.00121982      0.999992   -0.00374893      0.175145   -0.00266895    0.00375218      0.999989      -0.21966
     0.999997  -0.000820729    0.00240246     0.0423512   0.000829321      0.999993   -0.00357774      0.177241   -0.00239951    0.00357972      0.999991     -0.238486
     0.999997  -0.000153788    0.00251294     0.0399487   0.000164495      0.999991   -0.00426107      0.207686   -0.00251226    0.00426147      0.999988     -0.177726
     0.999997  -0.000333362    0.00251483     0.0305121   0.000344192      0.999991   -0.00430715      0.134378   -0.00251337      0.004308      0.999988     -0.125029
     0.999998  -0.000825357     0.0016492     0.0612853   0.000832267      0.999991   -0.00419353      0.167094   -0.00164573    0.00419489       0.99999     -0.160297
     0.999999   -0.00115657    0.00125313     0.0809588    0.00116296      0.999986   -0.00510936      0.230392   -0.00124721    0.00511081      0.999986     -0.171565
     0.999999   -0.00104003    0.00115753     0.0848516    0.00104626      0.999985   -0.00539936      0.209383    -0.0011519    0.00540057      0.999985      -0.17893
     0.999999   -0.00126721   0.000956265     0.0890242    0.00127287      0.999982   -0.00594232      0.259877  -0.000948717    0.00594353      0.999982      -0.17063
     0.999999   -0.00121227   0.000949878     0.0892655    0.00121774      0.999983   -0.00577789      0.280345  -0.000942857    0.00577904      0.999983     -0.173822
     0.999999  -0.000763844    0.00113914     0.0830094   0.000770254      0.999984   -0.00563691      0.319203   -0.00113481    0.00563778      0.999983     -0.216736
     0.999999  -0.000756855   0.000896142     0.0946065   0.000761659      0.999985   -0.00537219      0.231192  -0.000892063    0.00537287      0.999985       -0.2166
     0.999999  -0.000761479   0.000844182     0.0930371   0.000765888      0.999986   -0.00523467      0.184958  -0.000840185    0.00523531      0.999986     -0.236827
     0.999999  -0.000940505   0.000760019     0.0920987   0.000944522      0.999985   -0.00530294      0.185091  -0.000755021    0.00530366      0.999986     -0.214971
            1  -0.000454167   0.000718871     0.0954876   0.000457735      0.999988   -0.00497183      0.185256  -0.000716604    0.00497216      0.999987     -0.222374
            1    4.6221e-06   0.000968965     0.0890611    4.4121e-07      0.999986   -0.00522542      0.255724  -0.000968976    0.00522542      0.999986     -0.300867
     0.999998   0.000614027    0.00201175     0.0627861   -0.00060851      0.999996   -0.00274183      0.128205   -0.00201343     0.0027406      0.999994     -0.216202
     0.999997    0.00077913    0.00219366     0.0578084  -0.000774806      0.999998   -0.00197149     0.0799121   -0.00219519    0.00196978      0.999996     -0.220488
     0.999998   0.000810186    0.00165413     0.0711413  -0.000805098      0.999995   -0.00307441      0.148491   -0.00165662    0.00307307      0.999994     -0.232956
     0.999998    0.00101054    0.00151244     0.0789104   -0.00100611      0.999995   -0.00292391      0.180275   -0.00151539    0.00292238      0.999995     -0.240437
     0.999999   0.000507082    0.00151364     0.0730645  -0.000501324      0.999993   -0.00380183      0.161331   -0.00151556    0.00380107      0.999992     -0.217915
     0.999998   0.000636985    0.00180889     0.0722683  -0.000630492      0.999993   -0.00358786      0.168583   -0.00181117    0.00358672      0.999992     -0.263271
     0.999996    0.00133446    0.00241484     0.0659493   -0.00133022      0.999998   -0.00175651      0.085968   -0.00241718    0.00175329      0.999996      -0.19663
     0.999998     0.0009057    0.00190252     0.0789061  -0.000902227      0.999998   -0.00182548      0.128492   -0.00190417    0.00182376      0.999997     -0.251108
     0.999999   0.000730832     0.0014961      0.087898  -0.000727283      0.999997   -0.00237135      0.111967   -0.00149783    0.00237026      0.999996     -0.258314
     0.999999   0.000644684    0.00122297     0.0983019  -0.000641021      0.999995   -0.00299349      0.162136   -0.00122489     0.0029927      0.999995     -0.274186
            1  -5.40259e-05    0.00085851       0.10707   5.70671e-05      0.999994   -0.00354281      0.160939  -0.000858313    0.00354286      0.999993     -0.262308
            1   0.000557633   0.000607026      0.129697   -0.00055516      0.999992   -0.00406608      0.176963  -0.000609288    0.00406574      0.999992     -0.300858
            1   0.000389015   0.000730623      0.124789   -0.00038618      0.999992   -0.00387664      0.230987  -0.000732126    0.00387636      0.999992      -0.30576
            1   0.000297794   0.000842944       0.12347  -0.000294242      0.999991   -0.00421046      0.236334   -0.00084419    0.00421021      0.999991     -0.304473
     0.999999   0.000707826    0.00106055       0.11089  -0.000703042       0.99999   -0.00450441      0.247195   -0.00106372    0.00450366      0.999989     -0.298831
     0.999999    0.00104012   0.000839768      0.104046   -0.00103605      0.999988   -0.00483486      0.209695  -0.000844786    0.00483398      0.999988     -0.272112
     0.999999    0.00112884   0.000756154      0.109419   -0.00112477      0.999985   -0.00536536      0.245902    -0.0007622    0.00536451      0.999985      -0.29008
     0.999999    0.00150596    0.00066282      0.123764   -0.00150243      0.999985   -0.00528804      0.233996  -0.000670773    0.00528703      0.999986     -0.304885
     0.999998    0.00191297   0.000610654      0.127463    -0.0019098      0.999985   -0.00514401      0.202943  -0.000620485    0.00514283      0.999987     -0.301642
     0.999998    0.00179192   0.000746838      0.118378   -0.00178786      0.999984   -0.00540562      0.242798  -0.000756512    0.00540427      0.999985       -0.3084
     0.999999    0.00153277   0.000783106      0.112786   -0.00152859      0.999985   -0.00531978      0.227744  -0.000791248    0.00531858      0.999986     -0.292001
     0.999998    0.00179846    0.00113361      0.106559   -0.00179233      0.999984   -0.00538164      0.231836   -0.00114327    0.00537959      0.999985     -0.315421
     0.999997    0.00197788    0.00131732      0.101279   -0.00197078      0.999984   -0.00537143      0.253056   -0.00132793    0.00536882      0.999985     -0.322851
     0.999998    0.00193214    0.00108853      0.103246   -0.00192615      0.999983   -0.00547222      0.251969   -0.00109908    0.00547011      0.999984     -0.316544
     0.999997    0.00202544    0.00095023       0.10849   -0.00201978       0.99998   -0.00592036      0.318321  -0.000962203    0.00591843      0.999982      -0.31905
     0.999997    0.00227789   0.000667824      0.119303    -0.0022741      0.999982   -0.00562523      0.283641  -0.000680625     0.0056237      0.999984      -0.31627
     0.999997    0.00255817    0.00046954      0.122902   -0.00255555      0.999982   -0.00550476      0.249573  -0.000483613    0.00550354      0.999985     -0.321619
     0.999996    0.00275843   0.000430886      0.122082   -0.00275596       0.99998   -0.00564241      0.240396  -0.000446441     0.0056412      0.999984     -0.345799
     0.999995    0.00305296   0.000496509      0.116082      -0.00305      0.999978   -0.00585914      0.263993  -0.000514386     0.0058576      0.999983     -0.353796
     0.999995    0.00297779   0.000571841      0.111069   -0.00297433      0.999978    -0.0059554      0.279312  -0.000589563    0.00595368      0.999982     -0.345924
     0.999995    0.00315532   0.000496385      0.108816   -0.00315239      0.999978   -0.00578672       0.24697  -0.000514633    0.00578513      0.999983     -0.350151
     0.999994    0.00334106   0.000663832      0.103574   -0.00333709      0.999977    -0.0058875       0.27777  -0.000683487    0.00588525      0.999982     -0.382598
     0.999994    0.00350257   0.000505466      0.109251   -0.00349942      0.999975   -0.00610095      0.303857  -0.000526823    0.00609914      0.999981     -0.376477
     0.999993    0.00363945   0.000284176      0.116452   -0.00363759      0.999974   -0.00629263      0.298342  -0.000307071    0.00629155       0.99998     -0.357856
     0.999993    0.00359768   0.000258077      0.112213   -0.00359596      0.999973   -0.00638875      0.332989  -0.000281055    0.00638778       0.99998     -0.356616
     0.999994    0.00357196  -0.000138307      0.129784   -0.00357277      0.999973   -0.00634948      0.316315   0.000115623    0.00634993       0.99998     -0.356359
     0.999993    0.00386008  -4.32558e-05      0.140322   -0.00386028      0.999972   -0.00646469      0.326297   1.83003e-05     0.0064648      0.999979     -0.376364
     0.999993    0.00380171   0.000100791      0.132526   -0.00380093      0.999969   -0.00685177      0.347876  -0.000126836    0.00685133      0.999977     -0.404158
     0.999994    0.00349843   0.000142159      0.124162   -0.00349735       0.99997   -0.00697235      0.330304  -0.000166547    0.00697181      0.999976     -0.386627
     0.999994    0.00330856   0.000519525      0.115883   -0.00330472      0.999968   -0.00723751      0.335542  -0.000543454    0.00723576      0.999974     -0.383448
     0.999995    0.00322847   0.000554673      0.123712   -0.00322436      0.999968     -0.007266      0.353905  -0.000578114    0.00726417      0.999973     -0.378257
     0.999995    0.00293949   0.000967855      0.104536   -0.00293248       0.99997   -0.00716267      0.326153  -0.000988881     0.0071598      0.999974      -0.35053
     0.999995    0.00307716    0.00102072      0.109681   -0.00307046      0.999974   -0.00650054      0.351834   -0.00104069    0.00649737      0.999978     -0.394757
     0.999993    0.00363314   0.000604671      0.139991   -0.00362952      0.999976   -0.00589553      0.301765  -0.000626076     0.0058933      0.999982     -0.456101
      0.99999    0.00430842   0.000789585      0.131886   -0.00430371      0.999973   -0.00587603      0.306003   -0.00081488    0.00587258      0.999982     -0.497358
      0.99999    0.00450075   0.000375843      0.147126   -0.00449885      0.999978    -0.0049112       0.22716  -0.000397938    0.00490946      0.999988     -0.484972
     0.999987    0.00500611   0.000268872      0.157316   -0.00500483      0.999977   -0.00456635      0.231384  -0.000291726    0.00456495       0.99999      -0.49099
      0.99999    0.00452095   0.000421679       0.14726   -0.00451894      0.999979   -0.00464527       0.23569  -0.000442671    0.00464332      0.999989     -0.503025
     0.999987    0.00512811   0.000263218      0.160776   -0.00512701      0.999979    -0.0039977      0.208277  -0.000283713     0.0039963      0.999992     -0.532319
     0.999985    0.00542548   0.000257328      0.181523   -0.00542468      0.999981   -0.00302398      0.193922   -0.00027373    0.00302254      0.999995      -0.60543
      0.99999    0.00445405   0.000660842      0.169545   -0.00445281      0.999988   -0.00187394      0.136657  -0.000669181    0.00187097      0.999998     -0.586174
     0.999991      0.004147    0.00104411      0.151723   -0.00414431      0.999988   -0.00257035      0.176254   -0.00105475      0.002566      0.999996     -0.603606
     0.999993    0.00359666    0.00111348       0.14383   -0.00359341      0.999989   -0.00290269      0.125075   -0.00112391    0.00289867      0.999995      -0.62565
     0.999994    0.00327437   0.000842181       0.15833   -0.00327137      0.999988   -0.00354676      0.189245  -0.000853784    0.00354399      0.999993     -0.632841
     0.999996    0.00273735   0.000215285      0.174534   -0.00273633      0.999986   -0.00462898      0.257851  -0.000227953    0.00462837      0.999989     -0.623029
     0.999996    0.00289365  -0.000534721      0.199248   -0.00289613      0.999985   -0.00468605      0.253263   0.000521153    0.00468758      0.999989     -0.669742
     0.999996    0.00288632  -0.000408693      0.202073   -0.00288815      0.999985   -0.00455095      0.224341   0.000395552    0.00455211       0.99999     -0.689411
     0.999996    0.00280868   -0.00023742      0.198906   -0.00280977      0.999985   -0.00470208      0.221413    0.00022421    0.00470273      0.999989     -0.685187
     0.999995    0.00307813  -0.000679765       0.21045   -0.00308144      0.999983   -0.00492606      0.269116    0.00066459    0.00492813      0.999988     -0.708373
     0.999995    0.00290261  -0.000957359      0.221798   -0.00290761      0.999982   -0.00525673      0.239525   0.000942084    0.00525949      0.999986     -0.690956
     0.999995    0.00293071  -0.000864998      0.222223   -0.00293522      0.999982   -0.00525966      0.227196   0.000849568    0.00526218      0.999986      -0.69975
     0.999995    0.00315108  -0.000882313      0.216484   -0.00315512      0.999984   -0.00461351       0.21866   0.000867761    0.00461627      0.999989      -0.77577
     0.999993    0.00335882   -0.00144696      0.244815   -0.00336489      0.999985   -0.00421394       0.16776    0.00143279    0.00421878       0.99999     -0.821771
     0.999989    0.00452745   -0.00154217      0.252715   -0.00453368      0.999981   -0.00406359       0.19285    0.00152374    0.00407054      0.999991     -0.787717
     0.999985     0.0051077   -0.00218396      0.281795   -0.00511401      0.999983   -0.00289688      0.102216    0.00216913      0.002908      0.999993     -0.809192
     0.999989    0.00427434   -0.00206967      0.284052   -0.00428118      0.999985   -0.00331149      0.144359    0.00205548    0.00332032      0.999992     -0.906727
     0.999988    0.00393728   -0.00281342      0.317171   -0.00394592      0.999987   -0.00307479      0.143306    0.00280128    0.00308586      0.999991     -0.980256
     0.999991    0.00321547   -0.00279001      0.305005   -0.00322487      0.999989   -0.00337074      0.139737    0.00277915    0.00337971       0.99999     -0.960504
     0.999992     0.0024752   -0.00326126      0.309736   -0.00248802      0.999989   -0.00393449      0.196612    0.00325148    0.00394257      0.999987     -0.963398
      0.99999    0.00230728   -0.00391412      0.326257   -0.00232493      0.999987   -0.00451164      0.241559    0.00390366    0.00452069      0.999982      -0.96228
      0.99999    0.00256024   -0.00371482      0.326572   -0.00257754      0.999986   -0.00465862      0.226815    0.00370284    0.00466815      0.999982     -0.962501
      0.99999    0.00235112   -0.00371426      0.329442   -0.00236758      0.999987   -0.00443338      0.211619    0.00370379    0.00444213      0.999983     -0.983981
     0.999994    0.00244365   -0.00255421       0.30104   -0.00245028      0.999994   -0.00259512      0.141756    0.00254785    0.00260137      0.999993     -0.917083
     0.999996    0.00197749   -0.00214187       0.29048   -0.00198206      0.999996   -0.00213428       0.08132    0.00213764    0.00213851      0.999995     -0.889639
     0.999994    0.00238182   -0.00268411      0.298708   -0.00238997      0.999993   -0.00303728      0.174888    0.00267686    0.00304368      0.999992     -0.969334
     0.999994    0.00235529   -0.00268322      0.303419   -0.00236531       0.99999   -0.00373881      0.201771    0.00267439    0.00374513      0.999989     -0.960794
     0.999995    0.00224811   -0.00234434      0.285375   -0.00225363      0.999995   -0.00235111      0.155097    0.00233905    0.00235638      0.999994     -0.916827
     0.999997    0.00191134    -0.0016157      0.258066   -0.00191565      0.999995   -0.00266522      0.162978    0.00161059    0.00266831      0.999995     -0.958452
     0.999997    0.00222081  -0.000635051      0.221111   -0.00222298      0.999992   -0.00343471      0.219409   0.000627418    0.00343611      0.999994     -0.950899
     0.999998    0.00221147  -4.22938e-05      0.200665    -0.0022116      0.999992   -0.00336911      0.168453   3.48428e-05     0.0033692      0.999994     -0.894056
     0.999999    0.00159838   0.000275429      0.197374   -0.00159727      0.999991    -0.0039864      0.204125  -0.000281798    0.00398596      0.999992      -0.85869
     0.999999    0.00142141   0.000211472      0.202542    -0.0014204      0.999988   -0.00470022      0.265137  -0.000218151    0.00469991      0.999989     -0.875181
     0.999999    0.00128172   0.000460733      0.194227   -0.00127948      0.999988   -0.00482503      0.257766  -0.000466911    0.00482444      0.999988     -0.847686
     0.999999    0.00124743   0.000787513      0.171243   -0.00124289      0.999983   -0.00572928      0.231121  -0.000794647    0.00572829      0.999983      -0.81751
     0.999999     0.0015016   0.000696102      0.178273   -0.00149738      0.999981   -0.00602233      0.288235  -0.000705132    0.00602128      0.999982     -0.807857
     0.999998    0.00161359    0.00067775      0.184796   -0.00160954      0.999981   -0.00593683      0.297149  -0.000687317    0.00593573      0.999982     -0.836979
     0.999999    0.00150797   0.000411601      0.191816   -0.00150521      0.999977   -0.00664001      0.290078  -0.000421605    0.00663938      0.999978     -0.816815
     0.999998    0.00149822   0.000878782      0.176631   -0.00149198      0.999974   -0.00705567      0.314708  -0.000889331    0.00705435      0.999975     -0.809001
     0.999999    0.00131444   0.000711408      0.177021   -0.00130918      0.999972    -0.0073394       0.33303  -0.000721035    0.00733846      0.999973     -0.780959
     0.999998    0.00190333   0.000748144      0.180141   -0.00189713      0.999965   -0.00820384      0.389036  -0.000763732    0.00820241      0.999966     -0.786824
     0.999997    0.00211491     0.0009579        0.1727    -0.0021075      0.999968   -0.00766924      0.334889   -0.00097409     0.0076672       0.99997     -0.839033
     0.999996    0.00288849  -2.72182e-05      0.202866   -0.00288861       0.99997   -0.00722666      0.395637   6.34332e-06     0.0072267      0.999974     -0.800884
     0.999998    0.00174736  -0.000207641      0.173002   -0.00174881      0.999973   -0.00719971      0.303558   0.000195055    0.00720006      0.999974     -0.726299
     0.999999    0.00113998   0.000159887      0.149074   -0.00113877      0.999972   -0.00740299      0.335745  -0.000168322     0.0074028      0.999973     -0.741524
     0.999999    0.00144976  -0.000279378      0.169408   -0.00145182      0.999971   -0.00751874      0.375737   0.000268469    0.00751914      0.999972      -0.74579
     0.999999    0.00161901   0.000109203      0.161885   -0.00161811      0.999968   -0.00781269      0.375263  -0.000121848     0.0078125      0.999969      -0.71827
     0.999998    0.00217275   0.000335774      0.160989   -0.00217025      0.999971    -0.0072614      0.346554  -0.000351541    0.00726065      0.999974     -0.736077
     0.999998    0.00218526  -0.000246657      0.179075   -0.00218701      0.999971   -0.00730532       0.35111   0.000230686    0.00730584      0.999973     -0.737596
     0.999997    0.00242602  -0.000266317      0.179172   -0.00242791       0.99997   -0.00734992      0.411852   0.000248478    0.00735054      0.999973     -0.752179
     0.999997    0.00257733  -0.000482164      0.184922   -0.00258064      0.999972   -0.00699762      0.336593   0.000464115    0.00699884      0.999975      -0.75213
     0.999998    0.00193176  -0.000309696       0.17062   -0.00193385      0.999974   -0.00690117      0.314532   0.000296357    0.00690176      0.999976     -0.733244
     0.999998    0.00176699  -0.000180116      0.163278   -0.00176819      0.999975   -0.00687059      0.319328   0.000167971    0.00687089      0.999976     -0.714291
     0.999999    0.00147334  -0.000419052      0.164733   -0.00147665      0.999967   -0.00799257      0.370245   0.000407262    0.00799318      0.999968     -0.722321
     0.999999    0.00108114   -0.00127665      0.189474   -0.00109197      0.999963   -0.00851044      0.392132     0.0012674    0.00851182      0.999963     -0.686845
     0.999998    0.00139917   -0.00131269      0.193082   -0.00140969      0.999967   -0.00805266      0.421209    0.00130138    0.00805449      0.999967     -0.671924
     0.999998    0.00135534   -0.00146163      0.199358   -0.00136641       0.99997   -0.00760058      0.377116    0.00145129    0.00760256       0.99997      -0.69309
     0.999998    0.00138908   -0.00129662      0.196756   -0.00139952      0.999966   -0.00808631      0.404297    0.00128535    0.00808811      0.999966     -0.709475
     0.999999   0.000978334   -0.00140923      0.197703  -0.000989371      0.999969   -0.00785215      0.369092    0.00140151    0.00785353      0.999968     -0.708128
     0.999998    0.00115418   -0.00145466      0.194613   -0.00116577      0.999967   -0.00798891      0.407275    0.00144539     0.0079906      0.999967     -0.723619
     0.999998   0.000842138   -0.00154641      0.193902  -0.000854883      0.999966   -0.00825953      0.418906    0.00153941    0.00826084      0.999965     -0.716706
     0.999999   0.000847673   -0.00144316       0.18831   -0.00085911      0.999968   -0.00794254      0.386115    0.00143639    0.00794377      0.999967     -0.704522
     0.999998    0.00124986   -0.00148349      0.194871   -0.00126077      0.999972   -0.00737268      0.367631    0.00147424    0.00737454      0.999972     -0.717473
     0.999999   0.000966418    -0.0014252      0.190145  -0.000977071      0.999971   -0.00749322      0.389656    0.00141792    0.00749461      0.999971     -0.705855
     0.999999    0.00110287   -0.00121432       0.18408   -0.00111215       0.99997   -0.00766575      0.364958    0.00120583    0.00766709       0.99997      -0.72081
     0.999998    0.00119937   -0.00128488      0.186628   -0.00120938      0.999969   -0.00782157       0.37953    0.00127546    0.00782311      0.999969     -0.747549
     0.999998     0.0011725   -0.00139429      0.188597   -0.00118314       0.99997   -0.00765502      0.367818    0.00138527    0.00765666       0.99997     -0.726968
     0.999998      0.001163   -0.00140123      0.189746   -0.00117387      0.999969   -0.00778187      0.366834    0.00139213     0.0077835      0.999969     -0.742113
     0.999999   0.000755348   -0.00152904       0.18568  -0.000767727      0.999967   -0.00811212      0.391453    0.00152286    0.00811328      0.999966     -0.732065
     0.999999   0.000889753   -0.00138741      0.184864  -0.000901107      0.999966   -0.00820443      0.393969    0.00138007    0.00820567      0.999965     -0.712626
     0.999999    0.00101646     -0.001387      0.187579   -0.00102769      0.999967   -0.00811797      0.418049     0.0013787    0.00811939      0.999966     -0.730579
     0.999998    0.00116621   -0.00177909      0.202163   -0.00118063      0.999966   -0.00812779      0.402285    0.00176955    0.00812988      0.999965     -0.747983
     0.999997    0.00154015   -0.00186145      0.207145     -0.001555      0.999967   -0.00800648      0.414683    0.00184905    0.00800935      0.999966     -0.775473
     0.999998    0.00135857   -0.00174284       0.20188   -0.00137245      0.999967   -0.00798806      0.420431    0.00173193    0.00799043      0.999967     -0.758371
     0.999997    0.00139036   -0.00176155      0.201388   -0.00140472      0.999966   -0.00817648      0.392525    0.00175013    0.00817893      0.999965     -0.763376
     0.999997    0.00152033   -0.00164613      0.196074   -0.00153398      0.999964   -0.00832325      0.413931    0.00163342    0.00832576      0.999964     -0.769251
     0.999998    0.00136239   -0.00161336       0.19144   -0.00137547      0.999966   -0.00813603      0.394173    0.00160223    0.00813823      0.999966      -0.74106
     0.999997    0.00166798   -0.00153774      0.198239   -0.00168068      0.999964   -0.00829479      0.415813    0.00152385    0.00829735      0.999964     -0.769771
     0.999997    0.00159754   -0.00159661      0.205917   -0.00161028      0.999967   -0.00801163      0.403365    0.00158375    0.00801418      0.999967     -0.769492
     0.999997    0.00156744   -0.00194785      0.220252   -0.00158255      0.999968    -0.0077848      0.383439    0.00193559    0.00778786      0.999968     -0.775164
     0.999997    0.00159701   -0.00188745      0.216216   -0.00161174      0.999968    -0.0078301      0.394302    0.00187488    0.00783312      0.999968     -0.803498
     0.999997    0.00162022   -0.00204585      0.222889   -0.00163598      0.999969   -0.00772674      0.380853    0.00203326    0.00773006      0.999968     -0.800394
     0.999996    0.00175258   -0.00205122      0.221701   -0.00176827      0.999969   -0.00767409      0.398725     0.0020377    0.00767769      0.999968     -0.794004
     0.999997    0.00151807   -0.00212243      0.220313   -0.00153317      0.999973   -0.00713081       0.35619    0.00211155    0.00713404      0.999972     -0.782757
     0.999997    0.00183477   -0.00187428      0.215726   -0.00184889       0.99997   -0.00755787      0.435033    0.00186036    0.00756131       0.99997     -0.796278
     0.999996    0.00199698   -0.00175552      0.218482   -0.00200933      0.999973   -0.00706198      0.365398    0.00174137    0.00706548      0.999974     -0.797984
     0.999996    0.00237192   -0.00164314      0.220681   -0.00238364      0.999971   -0.00716784      0.368237    0.00162609    0.00717173      0.999973     -0.800429
     0.999996    0.00224136   -0.00178161      0.222883   -0.00225392      0.999972   -0.00707865      0.370613    0.00176569    0.00708263      0.999973     -0.800607
     0.999997     0.0020677   -0.00161934      0.214192   -0.00207924      0.999972   -0.00715947      0.349131    0.00160449    0.00716281      0.999973     -0.788596
     0.999996    0.00227797   -0.00140242      0.213811   -0.00228807      0.999971   -0.00724419      0.364349    0.00138587    0.00724738      0.999973     -0.793698
     0.999996    0.00237752   -0.00140612      0.208318   -0.00238661      0.999976   -0.00649275      0.362727    0.00139065    0.00649608      0.999978     -0.784657
     0.999996    0.00234429   -0.00180998      0.217393    -0.0023553      0.999979   -0.00610018      0.326535    0.00179564    0.00610442       0.99998     -0.796561
     0.999995    0.00269785   -0.00155083      0.213667   -0.00270672       0.99998    -0.0057407       0.32006    0.00153531    0.00574487      0.999982     -0.827852
     0.999996    0.00269275   -0.00131746       0.20845   -0.00270056      0.999979   -0.00596226      0.311188    0.00130138    0.00596579      0.999981     -0.782958
     0.999996     0.0026103   -0.00134978       0.20843   -0.00261804       0.99998    -0.0057597      0.319686    0.00133472    0.00576321      0.999983     -0.800339
     0.999995     0.0025796   -0.00162871      0.219007   -0.00258889       0.99998   -0.00572499       0.33608    0.00161391    0.00572918      0.999982     -0.786114
     0.999994    0.00285974   -0.00180755       0.22683   -0.00287066      0.999977   -0.00606605      0.372477    0.00179016    0.00607121       0.99998     -0.830131
     0.999994    0.00295423   -0.00182775      0.222987   -0.00296483      0.999979   -0.00582522      0.316278     0.0018105    0.00583061      0.999981     -0.800275
     0.999993     0.0027259   -0.00243479      0.245469   -0.00273736      0.999985   -0.00471295       0.32573    0.00242191    0.00471958      0.999986     -0.881092
     0.999991    0.00297631   -0.00288114      0.266756   -0.00298839      0.999987   -0.00419771      0.289028    0.00286861    0.00420628      0.999987     -0.873874
     0.999991    0.00322663   -0.00267229      0.268785   -0.00324066      0.999981   -0.00526366      0.317593    0.00265525    0.00527227      0.999983     -0.848463
     0.999991    0.00310299   -0.00291442      0.279596   -0.00311773      0.999982   -0.00506439      0.289006    0.00289865    0.00507343      0.999983     -0.824422
      0.99999    0.00346902   -0.00294834      0.276866   -0.00348464       0.99998   -0.00530907       0.33326    0.00292987    0.00531929      0.999982     -0.877969
      0.99999     0.0032017    -0.0031384      0.280776   -0.00321921      0.999979    -0.0055906      0.313143    0.00312043    0.00560064      0.999979     -0.856774
      0.99999    0.00327956   -0.00293848      0.278785   -0.00329595      0.999979   -0.00558837       0.31832    0.00292009      0.005598       0.99998     -0.848637
      0.99999    0.00348416   -0.00282103      0.276244    -0.0034991       0.99998   -0.00530936      0.346041    0.00280247    0.00531917      0.999982     -0.851101
      0.99999    0.00333797   -0.00283575        0.2756   -0.00335234      0.999981   -0.00507709      0.296619    0.00281875    0.00508655      0.999983     -0.813089
     0.999991    0.00339405   -0.00265389      0.269161   -0.00340762      0.999981   -0.00512394      0.332215    0.00263645    0.00513294      0.999983     -0.877969
     0.999989    0.00346415   -0.00329957      0.290832   -0.00348063      0.999981   -0.00500072      0.305515    0.00328219    0.00501215      0.999982     -0.881997
     0.999987     0.0037298   -0.00338614      0.292417   -0.00374749      0.999979   -0.00523433      0.330841    0.00336654    0.00524695      0.999981     -0.910868
     0.999988    0.00374785   -0.00328736      0.286257   -0.00376172      0.999984   -0.00422353      0.251941    0.00327148    0.00423584      0.999986     -0.911377
     0.999986    0.00410375    -0.0033529      0.298356   -0.00410496      0.999992   -0.00035282      0.138149    0.00335142   0.000366579      0.999994     -0.794516
     0.999987    0.00397024   -0.00329105      0.286543   -0.00397288      0.999992  -0.000794497      0.155162    0.00328786   0.000807561      0.999994     -0.788187
     0.999987    0.00372897   -0.00350629      0.288925   -0.00373666      0.999991   -0.00218959      0.172069    0.00349809    0.00220266      0.999991     -0.795009
     0.999981    0.00353789    -0.0050621      0.349433   -0.00355513      0.999988   -0.00340129      0.263304    0.00505001    0.00341922      0.999981     -0.900501
     0.999984    0.00301549   -0.00471275      0.333766   -0.00303169       0.99999   -0.00343296      0.269651    0.00470235    0.00344719      0.999983     -0.938635
